Poems by Emily Dickenson.txt: 	0.0016030524130628276	8.402699062982421e-43	6.019096890070526e-75	7.102346821787611e-27	0.9983969475869372	1.2184603631656019e-70
Moby Dick.txt: 	0.004073648105141777	5.7238315754678565e-05	5.204394036707983e-06	0.995863879090295	5.230423170368625e-15	3.009476656798482e-08
Around the World in 80 Days.txt: 	0.006361865771633798	0.010290278395304626	1.9827710377206132e-59	1.926073967476251e-52	5.414799063997975e-08	0.9833478016850709
Ulysses.txt: 	0.0026759046283880723	2.1030314800723832e-05	2.291176508347948e-06	0.9973006781350039	1.1701736385846234e-15	9.574529762918267e-08
The Man in the Iron Mask.txt: 	0.9801339036744257	0.019663011085067926	9.885460914987982e-14	0.0002029744905400974	9.865489313755267e-08	1.2094974363172358e-08
A Journey to the Center of the Earth.txt: 	0.9945573731615726	1.4048433843300283e-11	1.398098294929576e-28	1.1413719727220316e-12	0.005442626823237599	1.4233016627567992e-18
Poirot Investigates.txt: 	0.004218698998294545	7.186310090508278e-30	1.6955788996133296e-68	2.448565538365096e-49	0.9957813010017055	2.269106332135331e-17
Gulliver's Travels.txt: 	0.057364013230382156	0.8914520258050506	6.3182869292800285e-31	2.026879702306142e-18	4.3323820290980037e-10	0.051183960531329044
The Adventures of Sherlock Holmes.txt: 	0.0013689426784695249	0.023520245587327702	1.324152724474216e-77	1.4108435343261335e-73	1.0588375950820093e-08	0.9751108011458268
Canterbury Tales.txt: 	0.0005312144065234279	2.538223429663881e-08	0.9994617719042218	6.988306941396409e-06	2.6285136125933884e-17	7.898804431094841e-14
War and Peace.txt: 	0.00207040304152851	3.936128073839432e-06	3.2817947259139335e-10	0.9978936038679563	5.573317869618302e-17	3.205663426170937e-05
Don Quixote.txt: 	0.002088524563562441	1.2376093087907393e-05	1.146343874118289e-07	0.9978981704186687	3.713904485172525e-16	8.142902932018454e-07
Ivanhoe.txt: 	0.0037466889096295516	1.8138526712677652e-05	7.735468487667404e-05	0.9961578032897095	1.7721689564512417e-15	1.4589069837692397e-08
Great Expectations.txt: 	0.002051854149795568	0.9139362414527443	5.0087856452169185e-54	4.327317676895047e-40	7.810723984082345e-12	0.08401190438964933
1001 Arabian Nights Vol. 1.txt: 	0.0403936345037023	0.0037106031470544904	2.3530290383553354e-07	0.9558954751719214	1.8141808830827275e-12	5.187260371591374e-08
The Divine Comedy.txt: 	0.04731997804494184	0.0007224684008956797	0.0006887093045309201	0.9512688442266621	2.6453866293159283e-12	2.0324172235905977e-11
A Tale of Two Cities.txt: 	0.006943983111791625	0.7737159612956811	5.39425152093199e-47	1.6038030826015128e-34	1.3423519756854425e-10	0.21934005545829208
The Three Musketeers.txt: 	0.07206280884586035	0.7631279220673499	4.781256547463841e-27	6.877957058722628e-12	2.193389619664168e-12	0.16480926907771842
Peter Pan.txt: 	1.0848066145758431e-05	1.9052763836904828e-12	1.1529868822964655e-103	2.8532439962688873e-113	9.176158841087396e-07	0.9999882343160649
The Great Gatsby.txt: 	1.868381237128325e-05	2.513887576748663e-10	1.6887932765977903e-102	4.606955698806384e-111	3.7754908083163716e-07	0.9999809383871591
The Scarlet Pimpernel.txt: 	0.953298754297178	5.867188170063158e-13	6.514969469272214e-38	1.6594281573444947e-22	0.04670124570206741	1.6790745254511714e-13
The Wonderful Wizard of Oz.txt: 	5.557188902663118e-07	2.0515845102937812e-23	2.562847072691e-122	7.403568022633323e-140	1.955652051198356e-05	0.9999798877605979
Aesop's Fables.txt: 	2.7871813090953937e-06	5.481886022465309e-57	6.847549334850942e-97	1.4710947477911936e-54	0.9999972128186908	5.424065109546889e-41
A Christmas Carol.txt: 	2.2587090403858073e-07	1.680390710663692e-67	1.4164360036966081e-111	2.6672610490714164e-63	0.9999997741290959	1.5099757622657706e-45
Crime and Punishment.txt: 	0.0021800349592168704	0.9215900548364907	1.0865431999521909e-52	3.3825482658712017e-38	4.676811238724047e-12	0.07622991019961572
Heart of Darkness.txt: 	1.5162036870834946e-05	2.0628755456812425e-50	5.603125258180631e-88	6.980784007227411e-50	0.9999848379631291	2.4095834259467633e-37
Poems by Robert Frost.txt: 	8.59590090286e-06	6.043605485400157e-53	1.3315586968588327e-90	1.5360573486315465e-49	0.9999914040990971	1.841209365239899e-40
Paradise Lost.txt: 	0.0017259543825354675	8.765664595154641e-08	0.9982739578402424	1.2057381335726481e-10	2.3557043111066594e-15	1.1890011632034895e-20
The Importance of Being Earnest.txt: 	0.9620986930957183	0.011372491780016189	1.2259167807751136e-36	9.665808016532998e-27	1.5583641862669236e-05	0.026513231482402914
The Strange Case of Dr. Jekyll and Mr. Hyde.txt: 	2.9844670977875445e-06	4.064754769540468e-57	2.8110460991834258e-96	2.1064354827116126e-52	0.9999970155329021	7.285000518587789e-43
The Scarlet Letter.txt: 	0.27448184865593034	0.7214458420457508	2.5300011954011775e-23	7.271157929397063e-12	3.6630348305196904e-09	0.0040723056280129125
Sense and Sensibility.txt: 	0.00032411346053906316	0.9965085474988403	6.447878346527933e-75	1.2375082687596081e-61	1.4605602537854385e-12	0.0031673390391601048
Tarzan of the Apes.txt: 	0.011386240977852267	0.06923827076565657	9.966519498458712e-55	3.4549993011833714e-46	2.3044470609992546e-08	0.9193754652120205
Uncle Tom's Cabin.txt: 	0.018566856358790414	0.8785261174210157	2.754707615446788e-34	6.940758219283955e-20	1.080456035504787e-11	0.10290702620938924
King Solomon's Mines.txt: 	0.06777899354478353	0.0036433672370580696	2.2015745283999172e-51	8.156479227406031e-44	2.2451176147452035e-06	0.9285753941005437
Frankenstein.txt: 	0.03090903845966459	0.6972969720990695	3.8182873662295806e-41	1.5102926810081214e-29	2.2050682712289125e-09	0.2717939872361976
Treasure Island.txt: 	0.015458262732896274	3.181577525422223e-27	1.619266923919446e-60	2.2417444045388807e-39	0.9845417372671037	1.4396280608096613e-19
The Iliad.txt: 	5.8330850359299e-05	2.2261813031648798e-10	0.9999416689251601	1.862490534001081e-12	1.2666131165214149e-18	2.216809472989237e-18
Dracula.txt: 	0.007457434975593563	0.5935387600444789	4.932589809228871e-51	7.618236416843398e-40	6.286932882414934e-10	0.3990038043512341
The Travels of Marco Polo Vol. 1.txt: 	5.6874244165634276e-05	4.600998579610958e-11	0.9999431254484816	2.6133650148113386e-10	1.2995716075722147e-19	6.231103432677264e-15
The Invisible Man.txt: 	1.759541009661533e-05	7.065067004772679e-12	4.913041400988175e-100	3.308191681750534e-108	1.0095356413196084e-06	0.999981395047197
The Last of the Mohicans.txt: 	0.9785727955411181	0.00012844014220700145	1.1248491382734119e-08	0.02129857542123479	1.7764694868554675e-07	1.0090409331449508e-17
Don Juan.txt: 	0.04856857329514293	0.0056651257735722054	6.734275211691553e-08	0.9457659755464601	1.6613212006951992e-12	2.5804041117830494e-07
Grimms' Fairy Tales.txt: 	0.00035913462220628963	3.840216056791547e-07	1.6724156470364192e-79	1.1092089769747121e-79	5.046093206983867e-07	0.9996399767468674
Emma.txt: 	0.0008818975407782172	0.988594194598833	1.2337939827718192e-62	2.3589451384214987e-46	4.431340738646978e-13	0.010523907859945617
The Jungle Book.txt: 	0.00019943477981659613	7.19506424721365e-43	1.6343000349478516e-74	1.0023789846247597e-36	0.9998005652201833	1.167792707849651e-39
The Koran.txt: 	0.002103161745463185	6.225893544347091e-07	0.9978584553370289	3.7760328148157265e-05	1.463493871031777e-15	3.863820028202307e-15
Beowulf.txt: 	0.27848304848488825	0.0032230876253919365	1.205769099278928e-05	0.7182818056909958	5.058284405801107e-10	1.9027411918920487e-12
Pride and Prejudice.txt: 	0.00034146521408340573	0.996441538832879	7.609410032353568e-74	3.771662734599832e-60	1.1708246068013426e-12	0.003216995951866719
Les Miserables.txt: 	0.003506179545303759	3.469146877794097e-07	0.00032363185967556045	0.9961695073723061	3.038829117265845e-17	3.3430802677994346e-07
Wuthering Heights.txt: 	0.0023759415782535526	0.775636798631183	1.6998988888001555e-60	2.0936973182318612e-49	1.2823856170594238e-10	0.22198725966232505
The Bible.txt: 	2.8136546517042853e-05	5.137898838879673e-12	0.9999718634483445	5.801910486005763e-16	5.801900404932765e-20	1.748893536086311e-18
Plutarch's Lives Vol. 1.txt: 	0.9939385504192944	0.0002898150600157043	0.0006218722723305868	0.00514975729260695	4.955752395001522e-09	1.7057324148120577e-19
Jane Eyre.txt: 	0.017544780115601195	0.8027011823118593	1.2832389480208155e-36	4.9409419675154586e-20	8.977316482311073e-13	0.17975403757164157
The Adventures of Tom Sawyer.txt: 	0.0006334450009364386	8.417490049489629e-05	3.35838780494158e-76	3.5265379664581333e-74	8.161661144166971e-08	0.9992822984819573
Adventures of Huckleberry Finn.txt: 	0.003150476026870434	0.02545589377304923	2.006570026202168e-64	1.034616475906907e-57	1.363599633951202e-08	0.9713936165640841
Poems by Edgar Allen Poe.txt: 	0.028750487221683742	0.8631259364305893	7.964191955663615e-36	3.5871973577172206e-23	3.0382335836685194e-10	0.10812357604390357
The Odyssey.txt: 	0.3143684327381791	0.5559234738964468	1.771645280315263e-34	1.4155483096370554e-23	1.1425144592674102e-07	0.12970797911392823
The Mark of Zorro.txt: 	0.0069236923073766376	2.099494850020198e-30	4.1375759756017865e-61	1.626315092799259e-35	0.9930763076926232	3.059386486847301e-25
The Rime of the Ancient Mariner.txt: 	0.9989338029746302	3.695631709885666e-11	4.0894897951213603e-23	4.891217415889977e-08	0.001066148076239312	2.5581747530116253e-24
The Merry Adventures of Robin Hood.txt: 	0.9973790850424079	7.351285336513882e-13	6.244889557549378e-25	1.6186582468124554e-08	0.002620898770274578	1.5803963280681258e-28
The Count of Monte Cristo.txt: 	0.0028089444785997066	8.008967183274554e-06	1.6223300497480903e-10	0.997132161305998	9.976173615036336e-17	5.088508598583218e-05
Macbeth.txt: 	0.9939179385319129	0.0060810807532037025	1.3187013175874e-17	2.3265816857197183e-07	7.190472214872762e-07	2.9009493381833056e-08
20000 Leagues under the Sea.txt: 	0.9998186919388344	5.3489818603399087e-08	1.2915234498428881e-21	1.2026932536889176e-08	0.00018124254441430023	2.0334449037453326e-16
Hamlet.txt: 	0.9999011849713293	7.857203024115797e-05	8.72228209251015e-23	1.996842476201883e-11	2.024045531759323e-05	2.5231435643461812e-09
Romeo and Juliet.txt: 	0.9995058753824347	0.00048686001585092483	1.0170164732467186e-21	1.0227352823295457e-10	7.247561258772124e-06	1.6938182038164113e-08
Alice in Wonderland.txt: 	0.00834279528484111	2.4465288948777815e-09	1.4988344792680483e-70	9.559581296846174e-69	0.0001450927316810435	0.991512109536949
Anna Karenina.txt: 	0.48090564758467125	0.5172647127302157	6.010814637390783e-14	0.0014050521633649088	1.3985810620335326e-10	0.0004245873818298037
The Time Machine.txt: 	2.625758514658222e-05	3.4028275957582794e-16	2.309032614877524e-99	1.1941381835733279e-107	2.6226255117853833e-05	0.9999475161597351

0:
The Man in the Iron Mask.txt
A Journey to the Center of the Earth.txt
The Scarlet Pimpernel.txt
The Importance of Being Earnest.txt
The Scarlet Letter.txt
The Last of the Mohicans.txt
Beowulf.txt
Plutarch's Lives Vol. 1.txt
The Odyssey.txt
The Rime of the Ancient Mariner.txt
The Merry Adventures of Robin Hood.txt
Macbeth.txt
20000 Leagues under the Sea.txt
Hamlet.txt
Romeo and Juliet.txt
Anna Karenina.txt

1:
Gulliver's Travels.txt
Great Expectations.txt
A Tale of Two Cities.txt
The Three Musketeers.txt
Crime and Punishment.txt
The Scarlet Letter.txt
Sense and Sensibility.txt
Uncle Tom's Cabin.txt
Frankenstein.txt
Dracula.txt
Emma.txt
Pride and Prejudice.txt
Wuthering Heights.txt
Jane Eyre.txt
Poems by Edgar Allen Poe.txt
The Odyssey.txt
Anna Karenina.txt

2:
Canterbury Tales.txt
Paradise Lost.txt
The Iliad.txt
The Travels of Marco Polo Vol. 1.txt
The Koran.txt
The Bible.txt

3:
Moby Dick.txt
Ulysses.txt
War and Peace.txt
Don Quixote.txt
Ivanhoe.txt
1001 Arabian Nights Vol. 1.txt
The Divine Comedy.txt
Don Juan.txt
Beowulf.txt
Les Miserables.txt
The Count of Monte Cristo.txt

4:
Poems by Emily Dickenson.txt
Poirot Investigates.txt
Aesop's Fables.txt
A Christmas Carol.txt
Heart of Darkness.txt
Poems by Robert Frost.txt
The Strange Case of Dr. Jekyll and Mr. Hyde.txt
Treasure Island.txt
The Jungle Book.txt
The Mark of Zorro.txt

5:
Around the World in 80 Days.txt
The Adventures of Sherlock Holmes.txt
A Tale of Two Cities.txtf
The Three Musketeers.txt
Peter Pan.txt
The Great Gatsby.txt
The Wonderful Wizard of Oz.txt
Tarzan of the Apes.txt
Uncle Tom's Cabin.txt
King Solomon's Mines.txt
Frankenstein.txt
Dracula.txt
The Invisible Man.txt
Grimms' Fairy Tales.txt
Wuthering Heights.txt
Jane Eyre.txt
The Adventures of Tom Sawyer.txt
Adventures of Huckleberry Finn.txt
Poems by Edgar Allen Poe.txt
The Odyssey.txt
Alice in Wonderland.txt
The Time Machine.txt

